41
A_call     0.0000000 0.2228652 0.2266322 0.2026124 0.2266381 0.1844900 0.1829794 0.2268423 0.2226515 0.2235319 0.1888615 0.2226763 0.2184930 0.2249607 0.2184072 0.2462919 0.2224841 0.2267055 0.2229287 0.2287146 0.3417629 0.2209880 0.2229563 0.2203643 0.2242264 0.2004426 0.2245363 0.2833563 0.2259202 0.2248016 0.1815893 0.2308434 0.3933309 0.2229329 0.1904455 0.2187691 0.2199559 0.2186156 0.2215259 0.3053905 0.2215087 
AkaNud     0.2228652 0.0000000 0.0073957 0.1943253 0.0018789 0.1026401 0.1017518 0.0095361 0.0084077 0.0085005 0.1065953 0.0082600 0.0115311 0.0076229 0.0578175 0.1857159 0.0127739 0.0073293 0.0091201 0.0093184 0.3280014 0.0073627 0.0132155 0.0123922 0.0122711 0.1907153 0.0135783 0.3065690 0.0083882 0.0129974 0.1216825 0.0175954 0.3921071 0.0085960 0.1275105 0.0115820 0.0120055 0.0114177 0.0119378 0.2805467 0.0041185 
ArtSko     0.2266322 0.0073957 0.0000000 0.1980606 0.0076096 0.1046299 0.1039563 0.0098510 0.0090276 0.0086369 0.1080835 0.0086884 0.0119437 0.0024616 0.0589392 0.1884944 0.0132379 0.0077753 0.0084295 0.0083285 0.3322945 0.0023980 0.0131488 0.0127714 0.0123321 0.1942583 0.0136630 0.3110435 0.0086959 0.0129411 0.1222842 0.0174765 0.3967604 0.0090167 0.1297967 0.0119615 0.0122233 0.0117578 0.0119749 0.2855541 0.0073738 
A_test     0.2026124 0.1943253 0.1980606 0.0000000 0.1959156 0.1536243 0.1526860 0.1989310 0.1950563 0.1957521 0.1578904 0.1944506 0.1904083 0.1955687 0.1896996 0.2210489 0.1945271 0.1967765 0.1953649 0.1998385 0.3203134 0.1933500 0.1930513 0.1914167 0.1956486 0.1477353 0.1965779 0.2911220 0.1982225 0.1964239 0.1509072 0.2014854 0.3736169 0.1950038 0.1630049 0.1901901 0.1913092 0.1902856 0.1924747 0.2844458 0.1931108 
BatMar     0.2266381 0.0018789 0.0076096 0.1959156 0.0000000 0.1037254 0.1028933 0.0097460 0.0085984 0.0085507 0.1077577 0.0083241 0.0115854 0.0077436 0.0578888 0.1882207 0.0128930 0.0075643 0.0091842 0.0093329 0.3288227 0.0074579 0.0130384 0.0123574 0.0123013 0.1932988 0.0135233 0.3085691 0.0085040 0.0130072 0.1227979 0.0175578 0.4011941 0.0087306 0.1292231 0.0116031 0.0120961 0.0114436 0.0118382 0.2847906 0.0043108 
BovDia     0.1844900 0.1026401 0.1046299 0.1536243 0.1037254 0.0000000 0.0044841 0.1064817 0.1045254 0.1049916 0.0420252 0.1041174 0.1003186 0.1035688 0.1012401 0.1522423 0.1036758 0.1043759 0.1045410 0.1058090 0.2964473 0.1028302 0.1020955 0.1018127 0.1025235 0.1500136 0.1058572 0.2749749 0.1055307 0.1036113 0.0808938 0.1077408 0.3623332 0.1046959 0.0917892 0.1005538 0.1008684 0.1004606 0.1006550 0.2470603 0.1026438 
BovVar     0.1829794 0.1017518 0.1039563 0.1526860 0.1028933 0.0044841 0.0000000 0.1056923 0.1036595 0.1041922 0.0410619 0.1033458 0.0993413 0.1028838 0.1003461 0.1512733 0.1027055 0.1036947 0.1037411 0.1049098 0.2954891 0.1019472 0.1010332 0.1008627 0.1016395 0.1491174 0.1049528 0.2737047 0.1048121 0.1026330 0.0798656 0.1070984 0.3606780 0.1039085 0.0907829 0.0995743 0.0999410 0.0994877 0.0998084 0.2458533 0.1016630 
ChaAce     0.2268423 0.0095361 0.0098510 0.1989310 0.0097460 0.1064817 0.1056923 0.0000000 0.0043683 0.0039255 0.1095574 0.0036038 0.0141393 0.0099388 0.0611610 0.1893248 0.0153265 0.0098222 0.0115874 0.0117079 0.3287706 0.0099885 0.0153506 0.0147703 0.0145341 0.1954229 0.0161216 0.3084536 0.0052619 0.0152890 0.1244001 0.0194286 0.3952476 0.0053234 0.1319522 0.0139036 0.0143739 0.0136825 0.0141665 0.2840295 0.0093964 
ChaWil     0.2226515 0.0084077 0.0090276 0.1950563 0.0085984 0.1045254 0.1036595 0.0043683 0.0000000 0.0032749 0.1075257 0.0029421 0.0131546 0.0090456 0.0594142 0.1867324 0.0143346 0.0088778 0.0105633 0.0107133 0.3285196 0.0088805 0.0145215 0.0138812 0.0138518 0.1921564 0.0150287 0.3062767 0.0041039 0.0145546 0.1247191 0.0189204 0.3893232 0.0043444 0.1288511 0.0130616 0.0135369 0.0128257 0.0132972 0.2816671 0.0083437 
ChiDew     0.2235319 0.0085005 0.0086369 0.1957521 0.0085507 0.1049916 0.1041922 0.0039255 0.0032749 0.0000000 0.1078174 0.0016903 0.0131751 0.0089261 0.0595593 0.1872185 0.0142869 0.0087722 0.0104772 0.0104916 0.3290807 0.0088564 0.0143092 0.0139142 0.0136279 0.1934668 0.0149865 0.3072586 0.0041643 0.0143097 0.1245773 0.0184907 0.3916206 0.0043487 0.1296716 0.0130710 0.0134568 0.0128739 0.0131010 0.2819550 0.0082921 
CotGob     0.1888615 0.1065953 0.1080835 0.1578904 0.1077577 0.0420252 0.0410619 0.1095574 0.1075257 0.1078174 0.0000000 0.1073322 0.1032796 0.1074789 0.1047051 0.1561635 0.1064798 0.1081702 0.1077892 0.1098989 0.3012511 0.1061279 0.1056360 0.1047794 0.1058435 0.1546961 0.1091944 0.2789488 0.1087052 0.1068695 0.0856285 0.1113695 0.3669843 0.1077945 0.0945178 0.1034941 0.1037180 0.1034853 0.1043668 0.2527001 0.1060619 
CryAnt     0.2226763 0.0082600 0.0086884 0.1944506 0.0083241 0.1041174 0.1033458 0.0036038 0.0029421 0.0016903 0.1073322 0.0000000 0.0129833 0.0087291 0.0591937 0.1861119 0.0140942 0.0085931 0.0103450 0.0105359 0.3275317 0.0087097 0.0143044 0.0137826 0.0136998 0.1917557 0.0149023 0.3056630 0.0038975 0.0143624 0.1241759 0.0186304 0.3886706 0.0040760 0.1287989 0.0129004 0.0132457 0.0127094 0.0130943 0.2809780 0.0081291 
DisMaw     0.2184930 0.0115311 0.0119437 0.1904083 0.0115854 0.1003186 0.0993413 0.0141393 0.0131546 0.0131751 0.1032796 0.0129833 0.0000000 0.0120190 0.0551819 0.1823465 0.0125929 0.0121224 0.0134398 0.0135070 0.3247285 0.0117466 0.0106294 0.0102535 0.0100489 0.1875742 0.0144102 0.3016877 0.0131896 0.0107839 0.1206404 0.0157484 0.3848392 0.0133469 0.1245099 0.0092886 0.0098049 0.0091361 0.0095012 0.2769713 0.0114015 
DolLon     0.2249607 0.0076229 0.0024616 0.1955687 0.0077436 0.1035688 0.1028838 0.0099388 0.0090456 0.0089261 0.1074789 0.0087291 0.0120190 0.0000000 0.0586270 0.1871273 0.0133689 0.0079154 0.0085400 0.0087688 0.3303914 0.0019673 0.0133998 0.0128427 0.0126127 0.1916764 0.0139973 0.3078342 0.0089023 0.0132383 0.1222544 0.0178166 0.3950903 0.0090786 0.1290050 0.0120483 0.0123334 0.0117889 0.0121085 0.2832877 0.0074150 
EleMac     0.2184072 0.0578175 0.0589392 0.1896996 0.0578888 0.1012401 0.1003461 0.0611610 0.0594142 0.0595593 0.1047051 0.0591937 0.0551819 0.0586270 0.0000000 0.1853599 0.0584290 0.0589313 0.0596611 0.0607342 0.3250687 0.0580047 0.0570226 0.0566658 0.0570771 0.1865277 0.0604314 0.3011770 0.0598820 0.0576999 0.1213245 0.0626625 0.3835777 0.0595864 0.1271658 0.0555935 0.0559819 0.0554373 0.0560985 0.2789785 0.0577853 
G_acul     0.2462919 0.1857159 0.1884944 0.2210489 0.1882207 0.1522423 0.1512733 0.1893248 0.1867324 0.1872185 0.1561635 0.1861119 0.1823465 0.1871273 0.1853599 0.0000000 0.1854652 0.1886247 0.1869702 0.1902386 0.3254684 0.1850154 0.1836588 0.1840098 0.1858421 0.2212191 0.1882421 0.3202578 0.1887041 0.1873293 0.1524554 0.1928795 0.4111515 0.1865310 0.1471953 0.1828374 0.1825843 0.1824540 0.1833938 0.2910074 0.1847150 
GobGib     0.2224841 0.0127739 0.0132379 0.1945271 0.0128930 0.1036758 0.1027055 0.0153265 0.0143346 0.0142869 0.1064798 0.0140942 0.0125929 0.0133689 0.0584290 0.1854652 0.0000000 0.0133054 0.0145635 0.0148283 0.3271233 0.0131343 0.0138506 0.0135175 0.0133435 0.1915940 0.0154691 0.3060338 0.0143068 0.0141524 0.1239101 0.0180494 0.3885740 0.0143926 0.1274254 0.0126321 0.0128673 0.0124069 0.0128479 0.2807698 0.0126783 
GymAcu     0.2267055 0.0073293 0.0077753 0.1967765 0.0075643 0.1043759 0.1036947 0.0098222 0.0088778 0.0087722 0.1081702 0.0085931 0.0121224 0.0079154 0.0589313 0.1886247 0.0133054 0.0000000 0.0095787 0.0097473 0.3320689 0.0078550 0.0136083 0.0129741 0.0128242 0.1925836 0.0140913 0.3091105 0.0086374 0.0134743 0.1230539 0.0178161 0.3977220 0.0088823 0.1297040 0.0121385 0.0124742 0.0119197 0.0124171 0.2846486 0.0073298 
HarAnt     0.2229287 0.0091201 0.0084295 0.1953649 0.0091842 0.1045410 0.1037411 0.0115874 0.0105633 0.0104772 0.1077892 0.0103450 0.0134398 0.0085400 0.0596611 0.1869702 0.0145635 0.0095787 0.0000000 0.0016199 0.3272020 0.0083785 0.0149289 0.0142425 0.0142126 0.1922101 0.0154301 0.3056471 0.0104335 0.0149529 0.1249976 0.0191926 0.3885819 0.0106087 0.1288228 0.0133164 0.0136965 0.0132157 0.0136546 0.2811967 0.0089767 
HarKer     0.2287146 0.0093184 0.0083285 0.1998385 0.0093329 0.1058090 0.1049098 0.0117079 0.0107133 0.0104916 0.1098989 0.0105359 0.0135070 0.0087688 0.0607342 0.1902386 0.0148283 0.0097473 0.0016199 0.0000000 0.3333201 0.0085329 0.0147780 0.0143470 0.0139956 0.1947318 0.0153655 0.3121384 0.0105698 0.0147371 0.1247914 0.0193292 0.3994057 0.0108852 0.1314728 0.0135249 0.0138925 0.0133654 0.0135513 0.2863351 0.0091769 
H_come     0.3417629 0.3280014 0.3322945 0.3203134 0.3288227 0.2964473 0.2954891 0.3287706 0.3285196 0.3290807 0.3012511 0.3275317 0.3247285 0.3303914 0.3250687 0.3254684 0.3271233 0.3320689 0.3272020 0.3333201 0.0000000 0.3255818 0.3289222 0.3254896 0.3284035 0.3202832 0.3297664 0.4019827 0.3298241 0.3297164 0.2964594 0.3372847 0.4673941 0.3279011 0.2931355 0.3240070 0.3264451 0.3246547 0.3280074 0.3797247 0.3263097 
HisVel     0.2209880 0.0073627 0.0023980 0.1933500 0.0074579 0.1028302 0.1019472 0.0099885 0.0088805 0.0088564 0.1061279 0.0087097 0.0117466 0.0019673 0.0580047 0.1850154 0.0131343 0.0078550 0.0083785 0.0085329 0.3255818 0.0000000 0.0132528 0.0125584 0.0125385 0.1902161 0.0136672 0.3047027 0.0088708 0.0132513 0.1229265 0.0178587 0.3867121 0.0090050 0.1270798 0.0117714 0.0121408 0.0115539 0.0120456 0.2789217 0.0072188 
LepLar     0.2229563 0.0132155 0.0131488 0.1930513 0.0130384 0.1020955 0.1010332 0.0153506 0.0145215 0.0143092 0.1056360 0.0143044 0.0106294 0.0133998 0.0570226 0.1836588 0.0138506 0.0136083 0.0149289 0.0147780 0.3289222 0.0132528 0.0000000 0.0048771 0.0060768 0.1904811 0.0157681 0.3049853 0.0145757 0.0066055 0.1212739 0.0168958 0.3906064 0.0146427 0.1267864 0.0066487 0.0071530 0.0065988 0.0066958 0.2803371 0.0130013 
LepNud     0.2203643 0.0123922 0.0127714 0.1914167 0.0123574 0.1018127 0.1008627 0.0147703 0.0138812 0.0139142 0.1047794 0.0137826 0.0102535 0.0128427 0.0566658 0.1840098 0.0135175 0.0129741 0.0142425 0.0143470 0.3254896 0.0125584 0.0048771 0.0000000 0.0056501 0.1889659 0.0153650 0.3028383 0.0138867 0.0063994 0.1220748 0.0165950 0.3852143 0.0139535 0.1259246 0.0062082 0.0066336 0.0060510 0.0063564 0.2777150 0.0123543 
LepSqu     0.2242264 0.0122711 0.0123321 0.1956486 0.0123013 0.1025235 0.1016395 0.0145341 0.0138518 0.0136279 0.1058435 0.0136998 0.0100489 0.0126127 0.0570771 0.1858421 0.0133435 0.0128242 0.0142126 0.0139956 0.3284035 0.0125385 0.0060768 0.0056501 0.0000000 0.1911418 0.0151732 0.3084071 0.0136374 0.0053090 0.1206599 0.0161517 0.3928307 0.0139636 0.1271996 0.0059425 0.0063834 0.0058376 0.0060859 0.2821071 0.0122380 
M_arma     0.2004426 0.1907153 0.1942583 0.1477353 0.1932988 0.1500136 0.1491174 0.1954229 0.1921564 0.1934668 0.1546961 0.1917557 0.1875742 0.1916764 0.1865277 0.2212191 0.1915940 0.1925836 0.1922101 0.1947318 0.3202832 0.1902161 0.1904811 0.1889659 0.1911418 0.0000000 0.1937809 0.2909055 0.1938690 0.1927311 0.1462199 0.1987950 0.3717392 0.1919570 0.1609829 0.1879056 0.1887391 0.1877358 0.1891483 0.2819577 0.1899305 
NotRos     0.2245363 0.0135783 0.0136630 0.1965779 0.0135233 0.1058572 0.1049528 0.0161216 0.0150287 0.0149865 0.1091944 0.0149023 0.0144102 0.0139973 0.0604314 0.1882421 0.0154691 0.0140913 0.0154301 0.0153655 0.3297664 0.0136672 0.0157681 0.0153650 0.0151732 0.1937809 0.0000000 0.3078034 0.0151190 0.0157517 0.1264981 0.0200437 0.3911912 0.0152076 0.1304543 0.0144669 0.0147623 0.0143146 0.0146679 0.2834531 0.0134754 
O_lati     0.2833563 0.3065690 0.3110435 0.2911220 0.3085691 0.2749749 0.2737047 0.3084536 0.3062767 0.3072586 0.2789488 0.3056630 0.3016877 0.3078342 0.3011770 0.3202578 0.3060338 0.3091105 0.3056471 0.3121384 0.4019827 0.3047027 0.3049853 0.3028383 0.3084071 0.2909055 0.3078034 0.0000000 0.3107715 0.3082765 0.2743088 0.3158584 0.4538941 0.3056071 0.2767786 0.3020211 0.3028793 0.3016029 0.3052572 0.3744519 0.3046608 
PagMac     0.2259202 0.0083882 0.0086959 0.1982225 0.0085040 0.1055307 0.1048121 0.0052619 0.0041039 0.0041643 0.1087052 0.0038975 0.0131896 0.0089023 0.0598820 0.1887041 0.0143068 0.0086374 0.0104335 0.0105698 0.3298241 0.0088708 0.0145757 0.0138867 0.0136374 0.1938690 0.0151190 0.3107715 0.0000000 0.0143028 0.1234807 0.0186869 0.3940672 0.0034722 0.1308152 0.0130808 0.0134307 0.0128797 0.0132086 0.2849141 0.0083782 
PatGun     0.2248016 0.0129974 0.0129411 0.1964239 0.0130072 0.1036113 0.1026330 0.0152890 0.0145546 0.0143097 0.1068695 0.0143624 0.0107839 0.0132383 0.0576999 0.1873293 0.0141524 0.0134743 0.0149529 0.0147371 0.3297164 0.0132513 0.0066055 0.0063994 0.0053090 0.1927311 0.0157517 0.3082765 0.0143028 0.0000000 0.1216175 0.0167566 0.3927582 0.0146732 0.1286792 0.0067190 0.0070722 0.0064899 0.0068173 0.2829217 0.0128975 
P_fluv     0.1815893 0.1216825 0.1222842 0.1509072 0.1227979 0.0808938 0.0798656 0.1244001 0.1247191 0.1245773 0.0856285 0.1241759 0.1206404 0.1222544 0.1213245 0.1524554 0.1239101 0.1230539 0.1249976 0.1247914 0.2964594 0.1229265 0.1212739 0.1220748 0.1206599 0.1462199 0.1264981 0.2743088 0.1234807 0.1216175 0.0000000 0.1272007 0.3628023 0.1250430 0.0910895 0.1207919 0.1211676 0.1208533 0.1198128 0.2474390 0.1226156 
PleAnt     0.2308434 0.0175954 0.0174765 0.2014854 0.0175578 0.1077408 0.1070984 0.0194286 0.0189204 0.0184907 0.1113695 0.0186304 0.0157484 0.0178166 0.0626625 0.1928795 0.0180494 0.0178161 0.0191926 0.0193292 0.3372847 0.0178587 0.0168958 0.0165950 0.0161517 0.1987950 0.0200437 0.3158584 0.0186869 0.0167566 0.1272007 0.0000000 0.4041991 0.0188761 0.1333285 0.0157117 0.0160061 0.0153960 0.0158707 0.2914078 0.0173485 
P_magn     0.3933309 0.3921071 0.3967604 0.3736169 0.4011941 0.3623332 0.3606780 0.3952476 0.3893232 0.3916206 0.3669843 0.3886706 0.3848392 0.3950903 0.3835777 0.4111515 0.3885740 0.3977220 0.3885819 0.3994057 0.4673941 0.3867121 0.3906064 0.3852143 0.3928307 0.3717392 0.3911912 0.4538941 0.3940672 0.3927582 0.3628023 0.4041991 0.0000000 0.3890533 0.3638316 0.3845414 0.3871765 0.3845050 0.3941323 0.4474284 0.3888669 
PseGeo     0.2229329 0.0085960 0.0090167 0.1950038 0.0087306 0.1046959 0.1039085 0.0053234 0.0043444 0.0043487 0.1077945 0.0040760 0.0133469 0.0090786 0.0595864 0.1865310 0.0143926 0.0088823 0.0106087 0.0108852 0.3279011 0.0090050 0.0146427 0.0139535 0.0139636 0.1919570 0.0152076 0.3056071 0.0034722 0.0146732 0.1250430 0.0188761 0.3890533 0.0000000 0.1293083 0.0131874 0.0135461 0.0130042 0.0134550 0.2809853 0.0085695 
S_nigr     0.1904455 0.1275105 0.1297967 0.1630049 0.1292231 0.0917892 0.0907829 0.1319522 0.1288511 0.1296716 0.0945178 0.1287989 0.1245099 0.1290050 0.1271658 0.1471953 0.1274254 0.1297040 0.1288228 0.1314728 0.2931355 0.1270798 0.1267864 0.1259246 0.1271996 0.1609829 0.1304543 0.2767786 0.1308152 0.1286792 0.0910895 0.1333285 0.3638316 0.1293083 0.0000000 0.1241971 0.1255236 0.1245024 0.1255438 0.2477097 0.1268007 
TreBer     0.2187691 0.0115820 0.0119615 0.1901901 0.0116031 0.1005538 0.0995743 0.0139036 0.0130616 0.0130710 0.1034941 0.0129004 0.0092886 0.0120483 0.0555935 0.1828374 0.0126321 0.0121385 0.0133164 0.0135249 0.3240070 0.0117714 0.0066487 0.0062082 0.0059425 0.1879056 0.0144669 0.3020211 0.0130808 0.0067190 0.1207919 0.0157117 0.3845414 0.0131874 0.1241971 0.0000000 0.0033500 0.0030492 0.0045564 0.2769251 0.0114785 
TreHan     0.2199559 0.0120055 0.0122233 0.1913092 0.0120961 0.1008684 0.0999410 0.0143739 0.0135369 0.0134568 0.1037180 0.0132457 0.0098049 0.0123334 0.0559819 0.1825843 0.0128673 0.0124742 0.0136965 0.0138925 0.3264451 0.0121408 0.0071530 0.0066336 0.0063834 0.1887391 0.0147623 0.3028793 0.0134307 0.0070722 0.1211676 0.0160061 0.3871765 0.0135461 0.1255236 0.0033500 0.0000000 0.0034313 0.0049630 0.2787284 0.0120035 
TreLoe     0.2186156 0.0114177 0.0117578 0.1902856 0.0114436 0.1004606 0.0994877 0.0136825 0.0128257 0.0128739 0.1034853 0.0127094 0.0091361 0.0117889 0.0554373 0.1824540 0.0124069 0.0119197 0.0132157 0.0133654 0.3246547 0.0115539 0.0065988 0.0060510 0.0058376 0.1877358 0.0143146 0.3016029 0.0128797 0.0064899 0.1208533 0.0153960 0.3845050 0.0130042 0.1245024 0.0030492 0.0034313 0.0000000 0.0043214 0.2769001 0.0113223 
TreSco     0.2215259 0.0119378 0.0119749 0.1924747 0.0118382 0.1006550 0.0998084 0.0141665 0.0132972 0.0131010 0.1043668 0.0130943 0.0095012 0.0121085 0.0560985 0.1833938 0.0128479 0.0124171 0.0136546 0.0135513 0.3280074 0.0120456 0.0066958 0.0063564 0.0060859 0.1891483 0.0146679 0.3052572 0.0132086 0.0068173 0.1198128 0.0158707 0.3941323 0.0134550 0.1255438 0.0045564 0.0049630 0.0043214 0.0000000 0.2809715 0.0117453 
T_rubr     0.3053905 0.2805467 0.2855541 0.2844458 0.2847906 0.2470603 0.2458533 0.2840295 0.2816671 0.2819550 0.2527001 0.2809780 0.2769713 0.2832877 0.2789785 0.2910074 0.2807698 0.2846486 0.2811967 0.2863351 0.3797247 0.2789217 0.2803371 0.2777150 0.2821071 0.2819577 0.2834531 0.3744519 0.2849141 0.2829217 0.2474390 0.2914078 0.4474284 0.2809853 0.2477097 0.2769251 0.2787284 0.2769001 0.2809715 0.0000000 0.2798162 
VomInf     0.2215087 0.0041185 0.0073738 0.1931108 0.0043108 0.1026438 0.1016630 0.0093964 0.0083437 0.0082921 0.1060619 0.0081291 0.0114015 0.0074150 0.0577853 0.1847150 0.0126783 0.0073298 0.0089767 0.0091769 0.3263097 0.0072188 0.0130013 0.0123543 0.0122380 0.1899305 0.0134754 0.3046608 0.0083782 0.0128975 0.1226156 0.0173485 0.3888669 0.0085695 0.1268007 0.0114785 0.0120035 0.0113223 0.0117453 0.2798162 0.0000000 
