41
A_call     0.0000000 0.2226031 0.2247687 0.2025335 0.2265353 0.1841238 0.1828740 0.2257977 0.2261206 0.2260296 0.1882737 0.2256979 0.2182614 0.2247844 0.2175859 0.2465388 0.2278602 0.2255902 0.2225494 0.2259394 0.3658080 0.2205539 0.2250550 0.2193520 0.2236651 0.2004539 0.2300314 0.2866498 0.2234749 0.2231595 0.1851931 0.2310742 0.4303644 0.2237325 0.1904827 0.2241840 0.2196709 0.2181463 0.2240204 0.3096568 0.2232063 
AkaNud     0.2226031 0.0000000 0.0085377 0.1952183 0.0028512 0.1041241 0.1034225 0.0107010 0.0096084 0.0095457 0.1073216 0.0094218 0.0122935 0.0085444 0.0576756 0.1883121 0.0136277 0.0083346 0.0102031 0.0100642 0.3467926 0.0082448 0.0138413 0.0130529 0.0130273 0.1923492 0.0143653 0.3093509 0.0094240 0.0137528 0.1253791 0.0189811 0.4239493 0.0096123 0.1286069 0.0123178 0.0123436 0.0120881 0.0135633 0.2853850 0.0052595 
ArtSko     0.2247687 0.0085377 0.0000000 0.1972148 0.0074718 0.1050949 0.1045128 0.0102535 0.0092718 0.0089342 0.1080600 0.0089775 0.0119819 0.0028461 0.0576669 0.1905297 0.0132736 0.0080732 0.0088294 0.0081399 0.3463975 0.0026160 0.0133912 0.0127696 0.0125441 0.1945216 0.0137626 0.3128122 0.0090545 0.0130833 0.1254028 0.0184097 0.4249598 0.0093781 0.1294251 0.0119393 0.0122199 0.0117926 0.0130160 0.2891912 0.0074833 
A_test     0.2025335 0.1952183 0.1972148 0.0000000 0.1981418 0.1546499 0.1537343 0.1984569 0.1989542 0.1981793 0.1592508 0.1984018 0.1905513 0.1966453 0.1899401 0.2221941 0.1993578 0.1970184 0.1952682 0.1989231 0.3452247 0.1929884 0.1959024 0.1915518 0.1958193 0.1485244 0.2017602 0.2952423 0.1965544 0.1952542 0.1546890 0.2011872 0.4095885 0.1968554 0.1639224 0.1956171 0.1917436 0.1904586 0.1961562 0.2890482 0.1950245 
BatMar     0.2265353 0.0028512 0.0074718 0.1981418 0.0000000 0.1047261 0.1040852 0.0095250 0.0084455 0.0084293 0.1078143 0.0082011 0.0112092 0.0073842 0.0571719 0.1915912 0.0126180 0.0072330 0.0091088 0.0088606 0.3474012 0.0071136 0.0126920 0.0119913 0.0118385 0.1956857 0.0132682 0.3154875 0.0082977 0.0125380 0.1257790 0.0179853 0.4290206 0.0085046 0.1297737 0.0112270 0.0115690 0.0110476 0.0123280 0.2911153 0.0041724 
BovDia     0.1841238 0.1041241 0.1050949 0.1546499 0.1047261 0.0000000 0.0042269 0.1064780 0.1065560 0.1060614 0.0423436 0.1061633 0.1008263 0.1044379 0.1026113 0.1538025 0.1059591 0.1049357 0.1052240 0.1062587 0.3170925 0.1033585 0.1034985 0.1018185 0.1030556 0.1517384 0.1079394 0.2779113 0.1055220 0.1036502 0.0834150 0.1083224 0.3934052 0.1058563 0.0920868 0.1026014 0.1014604 0.1006869 0.1033163 0.2513903 0.1038533 
BovVar     0.1828740 0.1034225 0.1045128 0.1537343 0.1040852 0.0042269 0.0000000 0.1057971 0.1059111 0.1054867 0.0414564 0.1055815 0.1000666 0.1038612 0.1018764 0.1528647 0.1052333 0.1043909 0.1045371 0.1055666 0.3160526 0.1026355 0.1027363 0.1010519 0.1023224 0.1505133 0.1072411 0.2768796 0.1049646 0.1028994 0.0825970 0.1077495 0.3926683 0.1051279 0.0911686 0.1018915 0.1007717 0.0999026 0.1026125 0.2502196 0.1031531 
ChaAce     0.2257977 0.0107010 0.0102535 0.1984569 0.0095250 0.1064780 0.1057971 0.0000000 0.0045168 0.0039448 0.1095822 0.0036686 0.0142376 0.0102574 0.0599824 0.1907483 0.0153971 0.0101363 0.0120040 0.0117748 0.3484538 0.0100392 0.0156535 0.0148569 0.0148660 0.1953331 0.0161664 0.3118236 0.0053523 0.0155546 0.1272156 0.0202885 0.4228950 0.0056769 0.1298635 0.0140329 0.0144153 0.0138309 0.0153263 0.2884489 0.0095899 
ChaWil     0.2261206 0.0096084 0.0092718 0.1989542 0.0084455 0.1065560 0.1059111 0.0045168 0.0000000 0.0033534 0.1094733 0.0029760 0.0133386 0.0092739 0.0593251 0.1916219 0.0143858 0.0091856 0.0110247 0.0106846 0.3468486 0.0090000 0.0148171 0.0139934 0.0138793 0.1962855 0.0151999 0.3151066 0.0042636 0.0146776 0.1267966 0.0196009 0.4235115 0.0045171 0.1307727 0.0132509 0.0135885 0.0130084 0.0133184 0.2912389 0.0085801 
ChiDew     0.2260296 0.0095457 0.0089342 0.1981793 0.0084293 0.1060614 0.1054867 0.0039448 0.0033534 0.0000000 0.1093020 0.0018963 0.0131324 0.0090488 0.0588267 0.1907918 0.0143663 0.0089869 0.0108277 0.0104352 0.3469281 0.0089292 0.0145433 0.0138045 0.0136407 0.1954709 0.0150281 0.3147975 0.0041861 0.0144015 0.1264156 0.0191647 0.4239704 0.0045818 0.1309458 0.0131156 0.0133274 0.0128136 0.0131504 0.2902867 0.0084464 
CotGob     0.1882737 0.1073216 0.1080600 0.1592508 0.1078143 0.0423436 0.0414564 0.1095822 0.1094733 0.1093020 0.0000000 0.1092090 0.1038292 0.1078400 0.1057564 0.1584034 0.1088586 0.1081799 0.1082193 0.1092596 0.3235879 0.1064501 0.1065319 0.1048472 0.1059954 0.1558599 0.1111832 0.2824444 0.1083671 0.1066506 0.0879174 0.1120437 0.3999213 0.1086629 0.0947300 0.1054858 0.1044684 0.1037555 0.1063099 0.2584747 0.1070517 
CryAnt     0.2256979 0.0094218 0.0089775 0.1984018 0.0082011 0.1061633 0.1055815 0.0036686 0.0029760 0.0018963 0.1092090 0.0000000 0.0130914 0.0089583 0.0590466 0.1909755 0.0141744 0.0088768 0.0107991 0.0104879 0.3457693 0.0087852 0.0145902 0.0138125 0.0136785 0.1958027 0.0149899 0.3146098 0.0040986 0.0143915 0.1263480 0.0193451 0.4227698 0.0044206 0.1307079 0.0130298 0.0132684 0.0128014 0.0130844 0.2905189 0.0083637 
DisMaw     0.2182614 0.0122935 0.0119819 0.1905513 0.0112092 0.1008263 0.1000666 0.0142376 0.0133386 0.0131324 0.1038292 0.0130914 0.0000000 0.0118639 0.0541155 0.1843216 0.0126360 0.0120832 0.0135374 0.0133645 0.3461852 0.0116390 0.0106764 0.0101107 0.0099584 0.1882722 0.0142646 0.3041375 0.0131288 0.0107089 0.1232742 0.0163371 0.4174485 0.0133720 0.1250767 0.0092048 0.0095793 0.0090247 0.0104344 0.2808319 0.0112765 
DolLon     0.2247844 0.0085444 0.0028461 0.1966453 0.0073842 0.1044379 0.1038612 0.0102574 0.0092739 0.0090488 0.1078400 0.0089583 0.0118639 0.0000000 0.0577075 0.1894430 0.0132280 0.0080061 0.0088040 0.0086438 0.3467431 0.0020898 0.0134781 0.0127175 0.0125142 0.1934775 0.0138291 0.3124497 0.0090737 0.0131380 0.1249811 0.0184398 0.4222758 0.0092968 0.1285171 0.0118778 0.0121730 0.0116946 0.0129685 0.2895128 0.0074140 
EleMac     0.2175859 0.0576756 0.0576669 0.1899401 0.0571719 0.1026113 0.1018764 0.0599824 0.0593251 0.0588267 0.1057564 0.0590466 0.0541155 0.0577075 0.0000000 0.1876662 0.0583634 0.0578309 0.0588268 0.0589872 0.3468950 0.0568822 0.0565012 0.0553841 0.0557827 0.1878569 0.0601556 0.3042146 0.0586265 0.0559870 0.1244707 0.0617512 0.4178812 0.0589634 0.1283013 0.0553089 0.0548949 0.0543166 0.0563975 0.2819333 0.0570592 
G_acul     0.2465388 0.1883121 0.1905297 0.2221941 0.1915912 0.1538025 0.1528647 0.1907483 0.1916219 0.1907918 0.1584034 0.1909755 0.1843216 0.1894430 0.1876662 0.0000000 0.1912666 0.1908048 0.1887833 0.1918051 0.3452658 0.1869186 0.1891647 0.1855682 0.1882892 0.2214114 0.1941082 0.3204720 0.1902237 0.1887488 0.1548856 0.1953220 0.4447863 0.1897285 0.1490379 0.1889596 0.1851777 0.1842900 0.1886594 0.2932749 0.1885290 
GobGib     0.2278602 0.0136277 0.0132736 0.1993578 0.0126180 0.1059591 0.1052333 0.0153971 0.0143858 0.0143663 0.1088586 0.0141744 0.0126360 0.0132280 0.0583634 0.1912666 0.0000000 0.0133482 0.0147852 0.0145692 0.3452973 0.0130039 0.0140405 0.0133206 0.0128892 0.1967086 0.0152356 0.3163539 0.0142425 0.0139237 0.1267136 0.0185625 0.4246881 0.0145300 0.1300569 0.0124405 0.0126932 0.0122373 0.0135941 0.2930246 0.0125673 
GymAcu     0.2255902 0.0083346 0.0080732 0.1970184 0.0072330 0.1049357 0.1043909 0.0101363 0.0091856 0.0089869 0.1081799 0.0088768 0.0120832 0.0080061 0.0578309 0.1908048 0.0133482 0.0000000 0.0098365 0.0097002 0.3461676 0.0078569 0.0137283 0.0128641 0.0126679 0.1940942 0.0140572 0.3130841 0.0088874 0.0133972 0.1258084 0.0184175 0.4224883 0.0091071 0.1297002 0.0120813 0.0123452 0.0118143 0.0130985 0.2907579 0.0072831 
HarAnt     0.2225494 0.0102031 0.0088294 0.1952682 0.0091088 0.1052240 0.1045371 0.0120040 0.0110247 0.0108277 0.1082193 0.0107991 0.0135374 0.0088040 0.0588268 0.1887833 0.0147852 0.0098365 0.0000000 0.0018973 0.3499352 0.0085411 0.0151344 0.0142514 0.0142424 0.1926260 0.0155869 0.3082248 0.0107923 0.0149771 0.1278777 0.0195858 0.4229436 0.0110550 0.1298691 0.0134823 0.0137251 0.0132872 0.0146794 0.2842445 0.0091452 
HarKer     0.2259394 0.0100642 0.0081399 0.1989231 0.0088606 0.1062587 0.1055666 0.0117748 0.0106846 0.0104352 0.1092596 0.0104879 0.0133645 0.0086438 0.0589872 0.1918051 0.0145692 0.0097002 0.0018973 0.0000000 0.3477695 0.0083561 0.0148009 0.0141445 0.0139619 0.1954025 0.0152394 0.3137370 0.0105407 0.0144778 0.1275587 0.0197525 0.4279121 0.0109777 0.1305490 0.0132580 0.0136424 0.0131943 0.0143567 0.2897087 0.0089454 
H_come     0.3658080 0.3467926 0.3463975 0.3452247 0.3474012 0.3170925 0.3160526 0.3484538 0.3468486 0.3469281 0.3235879 0.3457693 0.3461852 0.3467431 0.3468950 0.3452658 0.3452973 0.3461676 0.3499352 0.3477695 0.0000000 0.3479073 0.3475025 0.3469923 0.3435253 0.3441928 0.3482447 0.4312666 0.3463920 0.3444511 0.3136343 0.3502565 0.5160736 0.3477517 0.3089511 0.3422586 0.3471453 0.3459064 0.3451551 0.4100349 0.3475779 
HisVel     0.2205539 0.0082448 0.0026160 0.1929884 0.0071136 0.1033585 0.1026355 0.0100392 0.0090000 0.0089292 0.1064501 0.0087852 0.0116390 0.0020898 0.0568822 0.1869186 0.0130039 0.0078569 0.0085411 0.0083561 0.3479073 0.0000000 0.0132234 0.0123819 0.0123017 0.1905589 0.0135572 0.3068570 0.0088241 0.0130433 0.1256402 0.0183050 0.4203703 0.0091259 0.1277815 0.0116454 0.0118858 0.0113804 0.0127980 0.2827244 0.0071237 
LepLar     0.2250550 0.0138413 0.0133912 0.1959024 0.0126920 0.1034985 0.1027363 0.0156535 0.0148171 0.0145433 0.1065319 0.0145902 0.0106764 0.0134781 0.0565012 0.1891647 0.0140405 0.0137283 0.0151344 0.0148009 0.3475025 0.0132234 0.0000000 0.0048180 0.0061631 0.1939288 0.0157928 0.3128719 0.0146198 0.0068659 0.1246865 0.0174885 0.4257629 0.0147295 0.1283125 0.0066986 0.0070151 0.0065370 0.0073525 0.2888716 0.0128272 
LepNud     0.2193520 0.0130529 0.0127696 0.1915518 0.0119913 0.1018185 0.1010519 0.0148569 0.0139934 0.0138045 0.1048472 0.0138125 0.0101107 0.0127175 0.0553841 0.1855682 0.0133206 0.0128641 0.0142514 0.0141445 0.3469923 0.0123819 0.0048180 0.0000000 0.0055128 0.1893398 0.0151031 0.3048957 0.0137889 0.0062827 0.1243155 0.0169094 0.4180402 0.0140003 0.1261773 0.0060675 0.0063864 0.0058841 0.0071033 0.2813433 0.0120988 
LepSqu     0.2236651 0.0130273 0.0125441 0.1958193 0.0118385 0.1030556 0.1023224 0.0148660 0.0138793 0.0136407 0.1059954 0.0136785 0.0099584 0.0125142 0.0557827 0.1882892 0.0128892 0.0126679 0.0142424 0.0139619 0.3435253 0.0123017 0.0061631 0.0055128 0.0000000 0.1919974 0.0147926 0.3113729 0.0137349 0.0053599 0.1232113 0.0166296 0.4200798 0.0139602 0.1260778 0.0057457 0.0061037 0.0057070 0.0069345 0.2879919 0.0119730 
M_arma     0.2004539 0.1923492 0.1945216 0.1485244 0.1956857 0.1517384 0.1505133 0.1953331 0.1962855 0.1954709 0.1558599 0.1958027 0.1882722 0.1934775 0.1878569 0.2214114 0.1967086 0.1940942 0.1926260 0.1954025 0.3441928 0.1905589 0.1939288 0.1893398 0.1919974 0.0000000 0.1983916 0.2947882 0.1940223 0.1929473 0.1494354 0.1997633 0.4073780 0.1933244 0.1621988 0.1934329 0.1895522 0.1882570 0.1926772 0.2869052 0.1918690 
NotRos     0.2300314 0.0143653 0.0137626 0.2017602 0.0132682 0.1079394 0.1072411 0.0161664 0.0151999 0.0150281 0.1111832 0.0149899 0.0142646 0.0138291 0.0601556 0.1941082 0.0152356 0.0140572 0.0155869 0.0152394 0.3482447 0.0135572 0.0157928 0.0151031 0.0147926 0.1983916 0.0000000 0.3187928 0.0150433 0.0155317 0.1282892 0.0205666 0.4252940 0.0152423 0.1320042 0.0142566 0.0144591 0.0140664 0.0153196 0.2960090 0.0133362 
O_lati     0.2866498 0.3093509 0.3128122 0.2952423 0.3154875 0.2779113 0.2768796 0.3118236 0.3151066 0.3147975 0.2824444 0.3146098 0.3041375 0.3124497 0.3042146 0.3204720 0.3163539 0.3130841 0.3082248 0.3137370 0.4312666 0.3068570 0.3128719 0.3048957 0.3113729 0.2947882 0.3187928 0.0000000 0.3114571 0.3099686 0.2813782 0.3197549 0.4950863 0.3107311 0.2806891 0.3136425 0.3052546 0.3039355 0.3122709 0.3784659 0.3106415 
PagMac     0.2234749 0.0094240 0.0090545 0.1965544 0.0082977 0.1055220 0.1049646 0.0053523 0.0042636 0.0041861 0.1083671 0.0040986 0.0131288 0.0090737 0.0586265 0.1902237 0.0142425 0.0088874 0.0107923 0.0105407 0.3463920 0.0088241 0.0146198 0.0137889 0.0137349 0.1940223 0.0150433 0.3114571 0.0000000 0.0144311 0.1266181 0.0193981 0.4227807 0.0037138 0.1298114 0.0130447 0.0133245 0.0128341 0.0138906 0.2878434 0.0084207 
PatGun     0.2231595 0.0137528 0.0130833 0.1952542 0.0125380 0.1036502 0.1028994 0.0155546 0.0146776 0.0144015 0.1066506 0.0143915 0.0107089 0.0131380 0.0559870 0.1887488 0.0139237 0.0133972 0.0149771 0.0144778 0.3444511 0.0130433 0.0068659 0.0062827 0.0053599 0.1929473 0.0155317 0.3099686 0.0144311 0.0000000 0.1243096 0.0173806 0.4222550 0.0147041 0.1278650 0.0065463 0.0069508 0.0064074 0.0076277 0.2873097 0.0126559 
P_fluv     0.1851931 0.1253791 0.1254028 0.1546890 0.1257790 0.0834150 0.0825970 0.1272156 0.1267966 0.1264156 0.0879174 0.1263480 0.1232742 0.1249811 0.1244707 0.1548856 0.1267136 0.1258084 0.1278777 0.1275587 0.3136343 0.1256402 0.1246865 0.1243155 0.1232113 0.1494354 0.1282892 0.2813782 0.1266181 0.1243096 0.0000000 0.1275169 0.3951026 0.1270554 0.0923180 0.1234858 0.1236906 0.1232333 0.1228886 0.2558020 0.1250482 
PleAnt     0.2310742 0.0189811 0.0184097 0.2011872 0.0179853 0.1083224 0.1077495 0.0202885 0.0196009 0.0191647 0.1120437 0.0193451 0.0163371 0.0184398 0.0617512 0.1953220 0.0185625 0.0184175 0.0195858 0.0197525 0.3502565 0.0183050 0.0174885 0.0169094 0.0166296 0.1997633 0.0205666 0.3197549 0.0193981 0.0173806 0.1275169 0.0000000 0.4255588 0.0194493 0.1335648 0.0159944 0.0164043 0.0157865 0.0172588 0.2945146 0.0178860 
P_magn     0.4303644 0.4239493 0.4249598 0.4095885 0.4290206 0.3934052 0.3926683 0.4228950 0.4235115 0.4239704 0.3999213 0.4227698 0.4174485 0.4222758 0.4178812 0.4447863 0.4246881 0.4224883 0.4229436 0.4279121 0.5160736 0.4203703 0.4257629 0.4180402 0.4200798 0.4073780 0.4252940 0.4950863 0.4227807 0.4222550 0.3951026 0.4255588 0.0000000 0.4221738 0.3975906 0.4207239 0.4194430 0.4171338 0.4225515 0.4909257 0.4222613 
PseGeo     0.2237325 0.0096123 0.0093781 0.1968554 0.0085046 0.1058563 0.1051279 0.0056769 0.0045171 0.0045818 0.1086629 0.0044206 0.0133720 0.0092968 0.0589634 0.1897285 0.0145300 0.0091071 0.0110550 0.0109777 0.3477517 0.0091259 0.0147295 0.0140003 0.0139602 0.1933244 0.0152423 0.3107311 0.0037138 0.0147041 0.1270554 0.0194493 0.4221738 0.0000000 0.1298921 0.0132737 0.0135693 0.0130848 0.0144201 0.2872993 0.0085932 
S_nigr     0.1904827 0.1286069 0.1294251 0.1639224 0.1297737 0.0920868 0.0911686 0.1298635 0.1307727 0.1309458 0.0947300 0.1307079 0.1250767 0.1285171 0.1283013 0.1490379 0.1300569 0.1297002 0.1298691 0.1305490 0.3089511 0.1277815 0.1283125 0.1261773 0.1260778 0.1621988 0.1320042 0.2806891 0.1298114 0.1278650 0.0923180 0.1335648 0.3975906 0.1298921 0.0000000 0.1272075 0.1263488 0.1250259 0.1269709 0.2523439 0.1274588 
TreBer     0.2241840 0.0123178 0.0119393 0.1956171 0.0112270 0.1026014 0.1018915 0.0140329 0.0132509 0.0131156 0.1054858 0.0130298 0.0092048 0.0118778 0.0553089 0.1889596 0.0124405 0.0120813 0.0134823 0.0132580 0.3422586 0.0116454 0.0066986 0.0060675 0.0057457 0.1934329 0.0142566 0.3136425 0.0130447 0.0065463 0.1234858 0.0159944 0.4207239 0.0132737 0.1272075 0.0000000 0.0031757 0.0029513 0.0053408 0.2895294 0.0113041 
TreHan     0.2196709 0.0123436 0.0122199 0.1917436 0.0115690 0.1014604 0.1007717 0.0144153 0.0135885 0.0133274 0.1044684 0.0132684 0.0095793 0.0121730 0.0548949 0.1851777 0.0126932 0.0123452 0.0137251 0.0136424 0.3471453 0.0118858 0.0070151 0.0063864 0.0061037 0.1895522 0.0144591 0.3052546 0.0133245 0.0069508 0.1236906 0.0164043 0.4194430 0.0135693 0.1263488 0.0031757 0.0000000 0.0032703 0.0056999 0.2826973 0.0116433 
TreLoe     0.2181463 0.0120881 0.0117926 0.1904586 0.0110476 0.1006869 0.0999026 0.0138309 0.0130084 0.0128136 0.1037555 0.0128014 0.0090247 0.0116946 0.0543166 0.1842900 0.0122373 0.0118143 0.0132872 0.0131943 0.3459064 0.0113804 0.0065370 0.0058841 0.0057070 0.1882570 0.0140664 0.3039355 0.0128341 0.0064074 0.1232333 0.0157865 0.4171338 0.0130848 0.1250259 0.0029513 0.0032703 0.0000000 0.0048960 0.2803729 0.0111259 
TreSco     0.2240204 0.0135633 0.0130160 0.1961562 0.0123280 0.1033163 0.1026125 0.0153263 0.0133184 0.0131504 0.1063099 0.0130844 0.0104344 0.0129685 0.0563975 0.1886594 0.0135941 0.0130985 0.0146794 0.0143567 0.3451551 0.0127980 0.0073525 0.0071033 0.0069345 0.1926772 0.0153196 0.3122709 0.0138906 0.0076277 0.1228886 0.0172588 0.4225515 0.0144201 0.1269709 0.0053408 0.0056999 0.0048960 0.0000000 0.2894383 0.0125147 
T_rubr     0.3096568 0.2853850 0.2891912 0.2890482 0.2911153 0.2513903 0.2502196 0.2884489 0.2912389 0.2902867 0.2584747 0.2905189 0.2808319 0.2895128 0.2819333 0.2932749 0.2930246 0.2907579 0.2842445 0.2897087 0.4100349 0.2827244 0.2888716 0.2813433 0.2879919 0.2869052 0.2960090 0.3784659 0.2878434 0.2873097 0.2558020 0.2945146 0.4909257 0.2872993 0.2523439 0.2895294 0.2826973 0.2803729 0.2894383 0.0000000 0.2868764 
VomInf     0.2232063 0.0052595 0.0074833 0.1950245 0.0041724 0.1038533 0.1031531 0.0095899 0.0085801 0.0084464 0.1070517 0.0083637 0.0112765 0.0074140 0.0570592 0.1885290 0.0125673 0.0072831 0.0091452 0.0089454 0.3475779 0.0071237 0.0128272 0.0120988 0.0119730 0.1918690 0.0133362 0.3106415 0.0084207 0.0126559 0.1250482 0.0178860 0.4222613 0.0085932 0.1274588 0.0113041 0.0116433 0.0111259 0.0125147 0.2868764 0.0000000 
